EbN0: [12 13 14 15 16 17 18 19 20 21]
BER: [[[[4.45555560e-03 2.63888892e-03 1.70499999e-03 8.65555555e-04
    4.32777777e-04 2.34999997e-04 1.09444442e-04 4.94444452e-05
    2.16666667e-05 1.50000007e-05]]]]
SER: [[[[8.90555531e-03 5.27333356e-03 3.40999998e-03 1.73111111e-03
    8.65555555e-04 4.69999993e-04 2.18888884e-04 9.88888904e-05
    4.33333335e-05 3.00000014e-05]]]]
Noisepower: [[[[15.01043301 16.01031052 17.01020525 18.01010997 19.01034386
    20.01031983 21.010315   22.01029409 23.01044022 24.01028626]]]]
SNR: [[[[16.24780902 17.24761537 18.24746697 19.24753714 20.24774204
    21.24772895 22.24764367 23.24769765 24.24776699 25.24761197]]]]
Time to train: 78491.44813370705
