EbN0: [12 13 14 15 16 17 18 19 20 21]
BER: [[[[2.91499998e-03 1.71249993e-03 9.23999958e-04 4.87999991e-04
    2.05500005e-04 7.39999989e-05 2.99999985e-05 1.19999997e-05
    1.49999996e-06 1.49999996e-06]]]]
SER: [[[[5.82999997e-03 3.42499986e-03 1.84799992e-03 9.75999981e-04
    4.11000010e-04 1.47999998e-04 5.99999970e-05 2.39999994e-05
    2.99999992e-06 2.99999992e-06]]]]
Noisepower: [[[[15.01036721 16.0102545  17.01023156 18.01028612 19.010241
    20.01038045 21.01030761 22.01020088 23.01037002 24.01038034]]]]
SNR: [[[[16.14130211 17.14119475 18.14113772 19.14124064 20.14117749
    21.14129505 22.14123587 23.14103862 24.14131566 25.14127616]]]]
Time to train: 9529.75889825821
