EbN0: [12 13 14 15 16 17 18 19 20 21]
BER: [[[[4.89649996e-03 3.15099992e-03 2.05399990e-03 1.27599994e-03
    7.41999969e-04 3.98000004e-04 2.36000004e-04 1.19999994e-04
    4.84999997e-05 1.30000000e-05]]]]
SER: [[[[9.79200006e-03 6.30099997e-03 4.10799980e-03 2.55199987e-03
    1.48399994e-03 7.96000008e-04 4.72000008e-04 2.39999988e-04
    9.69999994e-05 2.60000001e-05]]]]
Noisepower: [[[[15.01034445 16.01027159 17.01040727 18.01028429 19.01034796
    20.01025131 21.0103204  22.01030851 23.01031675 24.01036685]]]]
SNR: [[[[16.24765503 17.24757821 18.24776849 19.24765642 20.247685
    21.24759825 22.24765766 23.24772677 24.24773102 25.24774282]]]]
Time to train: 1265.9137177467346
