EbN0: [12 13 14 15 16 17 18 19 20 21]
BER: [[[[3.91599983e-03 2.37249993e-03 1.34899998e-03 7.25499960e-04
    3.64000001e-04 1.39499991e-04 5.75000013e-05 1.39999989e-05
    5.99999985e-06 1.99999995e-06]]]]
SER: [[[[7.83099979e-03 4.74499986e-03 2.69799996e-03 1.45099992e-03
    7.28000002e-04 2.78999982e-04 1.15000003e-04 2.79999978e-05
    1.19999997e-05 3.99999990e-06]]]]
Noisepower: [[[[15.01023029 16.01025634 17.01027724 18.01036047 19.01020918
    20.01031544 21.01047166 22.01017006 23.01026637 24.01027354]]]]
SNR: [[[[16.24762484 17.2475932  18.2476327  19.2477559  20.24754436
    21.24766534 22.24782729 23.24753314 24.24759352 25.24766934]]]]
Time to train: 1285.5418901443481
