EbN0: [12 13 14 15 16 17 18 19 20 21]
BER: [[[[3.00049987e-03 1.79049987e-03 1.02849994e-03 4.91499994e-04
    2.30499986e-04 8.89999967e-05 2.64999981e-05 6.50000002e-06
    9.99999975e-07 9.99999975e-07]]]]
SER: [[[[6.00099973e-03 3.58099975e-03 2.05699988e-03 9.82999988e-04
    4.60999971e-04 1.77999993e-04 5.29999961e-05 1.30000000e-05
    1.99999995e-06 1.99999995e-06]]]]
Noisepower: [[[[15.010325   16.01038575 17.01031796 18.0103612  19.01026128
    20.01027859 21.01026011 22.01033886 23.0103955  24.0103078 ]]]]
SNR: [[[[16.14122902 17.14126941 18.1411834  19.14128352 20.14120292
    21.14118867 22.14122041 23.1412421  24.14135826 25.14125262]]]]
Time to train: 1189.4301359653473
