EbN0: [18]
BER: [[[[4.99999987e-07]
   [1.99999995e-06]
   [1.99999995e-06]
   [9.49999958e-06]
   [5.69999975e-05]
   [9.28999949e-04]
   [3.12350001e-03]
   [4.74899970e-03]
   [6.14949986e-03]
   [6.78199977e-03]]]]
SER: [[[[9.99999975e-07]
   [3.99999990e-06]
   [3.99999990e-06]
   [1.89999992e-05]
   [1.13999995e-04]
   [1.85799990e-03]
   [6.23199977e-03]
   [9.40800011e-03]
   [1.21950001e-02]
   [1.31899998e-02]]]]
Noisepower: [[[[21.01033976]
   [21.01034341]
   [21.01024769]
   [21.01029044]
   [21.01035986]
   [21.01030432]
   [21.01033209]
   [21.01021737]
   [21.01023856]
   [21.01022285]]]]
SNR: [[[[22.5790894 ]
   [22.52171373]
   [22.43725229]
   [22.34050433]
   [22.24766403]
   [22.17305012]
   [22.12568151]
   [22.10691389]
   [22.11207834]
   [22.13205785]]]]
Time to train: 1277.2205131053925
