EbN0: [12 13 14 15 16 17 18 19 20 21]
BER: [[[[3.14849988e-03 1.88049991e-03 1.05200000e-03 5.13499975e-04
    2.26500002e-04 9.99999931e-05 3.69999994e-05 1.19999997e-05
    4.99999987e-06 2.49999994e-06]]]]
SER: [[[[6.29699975e-03 3.76099981e-03 2.10400000e-03 1.02699995e-03
    4.51999996e-04 1.99999986e-04 7.39999989e-05 2.39999994e-05
    9.99999975e-06 4.99999987e-06]]]]
Noisepower: [[[[15.01039291 16.01034785 17.01025135 18.01035607 19.01020872
    20.01026204 21.01033465 22.0104005  23.0103347  24.01035519]]]]
SNR: [[[[16.14129156 17.14127004 18.14116128 19.14129529 20.14114433
    21.14115166 22.14127052 23.14132425 24.14123751 25.14125682]]]]
Time to train: 41082.32911324501
