EbN0: [18]
BER: [[[[9.99999975e-07]
   [1.49999996e-06]
   [1.99999995e-06]
   [1.80000003e-05]
   [2.63999985e-04]
   [2.50049997e-03]
   [4.34549972e-03]
   [4.84149978e-03]
   [5.58449998e-03]
   [5.95699996e-03]]]]
SER: [[[[1.99999995e-06]
   [2.99999992e-06]
   [3.99999990e-06]
   [3.60000005e-05]
   [5.27999969e-04]
   [4.89999987e-03]
   [8.65800008e-03]
   [9.63499993e-03]
   [1.11469999e-02]
   [1.18969999e-02]]]]
Noisepower: [[[[21.01040699]
   [21.01023746]
   [21.01027509]
   [21.01024915]
   [21.01030469]
   [21.01023417]
   [21.01035876]
   [21.0102539 ]
   [21.01020019]
   [21.01023344]]]]
SNR: [[[[22.57916128]
   [22.52160573]
   [22.43724917]
   [22.34041908]
   [22.24758576]
   [22.17297826]
   [22.12567022]
   [22.10693082]
   [22.11204878]
   [22.1320411 ]]]]
Time to train: 1260.6016373634338
