EbN0: [12.2 12.4 12.8 13.5 14.9 21. ]
BER: [[[[9.87000018e-04 8.32000002e-04 6.19999971e-04 3.21999984e-04
    9.04999964e-05 0.00000000e+00]
   [1.11199999e-03 9.92000010e-04 7.42499996e-04 4.17499989e-04
    1.08500000e-04 0.00000000e+00]
   [1.50649995e-03 1.35899996e-03 1.04149999e-03 5.86499972e-04
    1.71999994e-04 0.00000000e+00]
   [2.33749989e-03 2.19149999e-03 1.74150001e-03 1.14349993e-03
    4.38500009e-04 0.00000000e+00]
   [4.38399985e-03 4.03399989e-03 3.50000001e-03 2.54799984e-03
    1.21200001e-03 1.59999996e-05]
   [1.04750000e-02 9.60649997e-03 8.69250000e-03 7.55549967e-03
    5.08800000e-03 1.94199998e-03]]]]
SER: [[[[1.97400004e-03 1.66400000e-03 1.23999994e-03 6.43999968e-04
    1.80999993e-04 0.00000000e+00]
   [2.22399998e-03 1.98400002e-03 1.48499999e-03 8.34999979e-04
    2.16999999e-04 0.00000000e+00]
   [3.01299989e-03 2.71799993e-03 2.08299998e-03 1.17299994e-03
    3.43999988e-04 0.00000000e+00]
   [4.67499979e-03 4.38299999e-03 3.48300003e-03 2.28699986e-03
    8.77000019e-04 0.00000000e+00]
   [8.76599997e-03 8.06600004e-03 6.99699968e-03 5.09599969e-03
    2.42400002e-03 3.19999992e-05]
   [2.05329999e-02 1.87380001e-02 1.70149997e-02 1.47379994e-02
    9.97399986e-03 3.81799974e-03]]]]
Noisepower: [[[[15.21026122 15.41025521 15.81034978 16.51039944 17.91046965
    24.01026078]
   [15.21026891 15.41022099 15.81036037 16.51036314 17.91036801
    24.01028812]
   [15.2102347  15.41033692 15.81025091 16.51016791 17.91034045
    24.01045142]
   [15.21028006 15.4102053  15.81032153 16.51026566 17.91028855
    24.01014925]
   [15.21034425 15.41021536 15.81034801 16.51031647 17.91039055
    24.01024657]
   [15.21020395 15.41023146 15.81035331 16.51033125 17.91027782
    24.01046016]]]]
SNR: [[[[16.77904772 16.978992   17.37907902 18.07922164 19.47922477
    25.57904571]
   [16.72169944 16.92161025 17.32176418 18.02178468 19.42177842
    25.52171102]
   [16.63721963 16.83733198 17.23721127 17.93712171 19.33720206
    25.43746716]
   [16.54039783 16.74036669 17.14047751 17.84040166 19.24051261
    25.34035609]
   [16.44768692 16.64755667 17.04771691 17.74766689 19.14776625
    25.24754388]
   [16.3729895  16.57301285 16.97311332 17.67310579 19.07307464
    25.17322256]]]]
Time to train: 4539.674293041229
