EbN0: [18]
BER: [[[[2.22222225e-06]
   [4.44444449e-06]
   [8.33333324e-06]
   [1.16666670e-05]
   [8.88888899e-05]
   [2.19722223e-03]
   [5.59500009e-03]
   [6.70666695e-03]
   [7.77611136e-03]
   [1.08977780e-02]]]]
SER: [[[[4.44444449e-06]
   [8.88888899e-06]
   [1.66666665e-05]
   [2.33333340e-05]
   [1.77777780e-04]
   [4.19333354e-03]
   [1.09988891e-02]
   [1.33400008e-02]
   [1.54699996e-02]
   [2.16800004e-02]]]]
Noisepower: [[[[21.01029754]
   [21.01030322]
   [21.01034707]
   [21.01027075]
   [21.01033611]
   [21.01016114]
   [21.01034341]
   [21.01038969]
   [21.01038482]
   [21.01027156]]]]
SNR: [[[[22.57900742]
   [22.52170422]
   [22.43737244]
   [22.34048948]
   [22.24770905]
   [22.17297031]
   [22.12572919]
   [22.10700706]
   [22.11215234]
   [22.13214575]]]]
Time to train: 78498.162358284
