EbN0: [12 13 14 15 16 17 18 19 20 21]
BER: [[[[3.36199999e-03 2.02749986e-03 1.04850000e-03 4.89499979e-04
    2.25499994e-04 9.74999974e-05 3.69999994e-05 2.09999998e-05
    5.49999968e-06 6.99999946e-06]]]]
SER: [[[[6.72399998e-03 4.05499972e-03 2.09700000e-03 9.78999957e-04
    4.50999988e-04 1.94999995e-04 7.39999989e-05 4.19999997e-05
    1.09999994e-05 1.39999989e-05]]]]
Noisepower: [[[[15.01034115 16.01033907 17.01032233 18.01029638 19.01038024
    20.01027162 21.01026559 22.01032645 23.0102021  24.01025714]]]]
SNR: [[[[16.24778719 17.24763597 18.24766029 19.24769821 20.24774858
    21.24757906 22.24761154 23.24769534 24.24754581 25.24764936]]]]
Time to train: 17886.365194797516
