EbN0: [12 13 14 15 16 17 18 19 20 21]
BER: [[[[3.38749997e-03 2.11199988e-03 1.20249996e-03 6.24000002e-04
    3.06999986e-04 1.25999993e-04 3.90000001e-05 1.30000000e-05
    3.99999990e-06 4.99999987e-07]]]]
SER: [[[[6.77499995e-03 4.22399975e-03 2.40499992e-03 1.24800000e-03
    6.13999972e-04 2.51999986e-04 7.80000002e-05 2.60000001e-05
    7.99999980e-06 9.99999975e-07]]]]
Noisepower: [[[[15.01027837 16.0104315  17.01026618 18.01029052 19.0103747
    20.01006238 21.01033026 22.01041108 23.0105588  24.0102976 ]]]]
SNR: [[[[16.14121156 17.14139877 18.14119604 19.14119951 20.1412454
    21.14095865 22.14128078 23.14128741 24.14149116 25.14123213]]]]
Time to train: 1177.0173842906952
