EbN0: [18]
BER: [[[[2.99999992e-06]
   [5.99999985e-06]
   [9.00000014e-06]
   [7.99999980e-06]
   [3.54999996e-05]
   [3.96999996e-04]
   [1.84249990e-03]
   [2.94300001e-03]
   [3.95199992e-03]
   [4.96650003e-03]]]]
SER: [[[[5.99999985e-06]
   [1.19999997e-05]
   [1.80000003e-05]
   [1.59999996e-05]
   [7.09999993e-05]
   [7.93999992e-04]
   [3.60100009e-03]
   [5.68300001e-03]
   [7.54999965e-03]
   [9.39799994e-03]]]]
Noisepower: [[[[21.01019179]
   [21.01024952]
   [21.0102908 ]
   [21.0103109 ]
   [21.01033757]
   [21.01030724]
   [21.0102265 ]
   [21.01024842]
   [21.01049322]
   [21.01025317]]]]
SNR: [[[[22.57894175]
   [22.52160498]
   [22.43727944]
   [22.34051705]
   [22.24771197]
   [22.17314688]
   [22.12552337]
   [22.10690985]
   [22.11227124]
   [22.13199312]]]]
Time to train: 17886.73663187027
